### gc_efe_discriminator.py
# 76 clusters with >=6 usable bins

======================================================================================================================
BOOST AT THE OUTERMOST MEASURED RADIUS -- density law (no EFE) vs MOND (EFE)
======================================================================================================================
cluster        R_GC  r_max r/rhm  rho_out g_int/a0 g_ext/a0  B_MOND  B_meas  B_oort  B_AV2s  B_AV2h  d ln s
NGC 6355        0.9    5.1   1.5   14.572    3.221    15.77    1.05    1.02    1.01    1.09    3.14     nan
NGC 6558        0.9    2.1   1.1   71.486    5.128    15.77    1.05    1.00    1.00    1.01    3.02   -0.33
NGC 6401        1.0    6.0   1.9   13.015    2.849    14.24    1.06    1.02    1.01    1.11    3.14   -0.41
NGC 6624        1.2    5.8   2.6    9.890    2.628    12.22    1.07    1.02    1.02    1.19    3.15   -0.28
NGC 6440        1.2    7.1   2.5   30.105    8.279    11.92    1.05    1.01    1.01    1.24    3.10   -0.23
NGC 6325        1.3    3.7   1.6   19.040    3.359    11.46    1.07    1.01    1.01    1.06    3.13   -0.29
NGC 6342        1.5    3.7   2.0   14.167    2.129     9.52    1.08    1.02    1.01    1.06    3.14   -0.29
NGC 6642        1.7    4.6   2.7    6.930    1.592     8.83    1.09    1.03    1.02    1.14    3.16   -0.35
NGC 6637        1.7    7.2   2.2    8.567    2.019     8.58    1.09    1.03    1.02    1.18    3.15   -0.43
NGC 6256        1.9    9.2   2.2    2.024    1.238     7.56    1.11    1.11    1.08    1.47    3.17   -0.37
NGC 6453        2.1    3.8   1.0   45.810    7.868     6.98    1.07    1.01    1.00    1.05    3.07   -0.27
NGC 6380        2.1   16.2   3.7    1.835    1.108     6.82    1.12    1.12    1.09    1.90    3.17   -0.34
NGC 6652        2.2    4.3   2.3    9.115    1.702     6.73    1.12    1.03    1.02    1.10    3.15   -0.01
NGC 6304        2.2    5.3   1.7   13.832    2.491     6.70    1.11    1.02    1.01    1.10    3.14   -0.29
NGC 6541        2.2   13.5   3.5    1.518    1.343     6.70    1.12    1.14    1.10    2.11    3.17   -0.63
NGC 6681        2.3    8.3   2.7    2.583    1.398     6.40    1.13    1.09    1.06    1.51    3.17   -0.53
NGC 6723        2.5   14.8   2.9    1.625    0.711     5.94    1.15    1.13    1.10    1.63    3.17   -0.47
NGC 6352        3.5    6.6   1.4    4.895    0.850     4.18    1.19    1.05    1.03    1.10    3.16     nan
NGC 6171        3.7   14.9   4.0    0.379    0.251     3.92    1.24    1.47    1.36    1.94    3.17   -0.34
NGC 6093        4.0   12.3   4.4    2.536    1.717     3.71    1.17    1.09    1.06    2.04    3.17   -0.54
NGC 6402        4.0   18.8   3.8    2.124    1.151     3.69    1.20    1.11    1.08    2.04    3.17   -0.42
NGC 6809        4.0   16.4   2.4    1.255    0.496     3.66    1.23    1.17    1.12    1.60    3.17   -0.24
NGC 6254        4.3   14.1   3.0    1.334    0.731     3.37    1.23    1.16    1.12    1.77    3.17   -0.49
NGC 6218        4.6   13.4   3.3    1.039    0.439     3.21    1.27    1.20    1.15    1.62    3.17   -0.35
NGC 5927        4.8   23.6   4.0    0.492    0.439     3.07    1.28    1.38    1.29    2.36    3.17   -0.57
NGC 5986        4.8   15.1   3.5    1.627    0.973     3.02    1.24    1.13    1.10    1.93    3.17   -0.13
NGC 6656        5.0   16.7   3.2    1.907    1.236     2.93    1.22    1.12    1.08    1.98    3.17   -0.44
NGC 6362        5.2   16.7   2.3    0.745    0.279     2.82    1.31    1.27    1.20    1.56    3.17   -0.26
NGC 6366        5.2    7.3   1.1    3.296    0.369     2.80    1.30    1.07    1.05    1.08    3.17   -0.11
NGC 6752        5.3   19.6   4.1    0.544    0.602     2.77    1.28    1.35    1.26    2.46    3.17   -0.48
NGC 6397        6.0   11.9   3.8    0.691    0.499     2.44    1.32    1.29    1.21    1.96    3.17   -0.29
NGC 5904        6.3   32.0   5.7    0.239    0.340     2.34    1.36    1.66    1.51    2.80    3.17   -0.23
NGC 6121        6.5    9.0   2.3    2.229    0.785     2.27    1.30    1.10    1.07    1.35    3.17   -0.37
NGC 5139        6.5   46.7   4.5    0.851    1.224     2.26    1.26    1.24    1.18    2.91    3.17   -0.45
NGC 6838        6.9    8.9   1.9    1.244    0.302     2.14    1.39    1.17    1.12    1.21    3.17   -0.37
NGC 4833        7.1   11.3   2.5    2.627    0.838     2.06    1.32    1.09    1.06    1.45    3.17   -0.39
NGC 7099        7.4   24.7   5.8    0.100    0.191     1.99    1.44    2.11    1.92    2.89    3.17   -0.38
NGC 5897        7.4   25.5   2.3    0.321    0.170     1.98    1.45    1.54    1.41    1.94    3.17   -0.38
NGC 104         7.5   37.4   5.8    0.259    0.539     1.95    1.37    1.63    1.48    2.98    3.17   -0.44
NGC 6205        8.6   29.5   5.7    0.372    0.407     1.70    1.44    1.48    1.36    2.74    3.17   -0.59
NGC 3201        8.9   45.4   5.2    0.045    0.091     1.64    1.56    2.51    2.34    2.94    3.17   -0.23
NGC 362         9.6   22.2   6.6    0.366    0.432     1.52    1.46    1.49    1.37    2.72    3.17   -0.50
NGC 6341        9.8   23.5   6.6    0.295    0.414     1.49    1.48    1.57    1.44    2.83    3.17   -0.39
NGC 6779        9.9   11.2   2.5    2.198    0.775     1.48    1.39    1.10    1.07    1.49    3.17   -0.49
NGC 4590       10.3   26.9   3.7    0.151    0.141     1.42    1.61    1.89    1.71    2.45    3.17     nan
NGC 6101       10.4    9.6   0.7    4.071    0.401     1.42    1.50    1.06    1.04    1.11    3.16   -0.09
NGC 7089       10.5   30.4   6.4    0.373    0.571     1.39    1.45    1.48    1.36    2.87    3.17   -0.37
NGC 7078       10.8   32.1   8.8    0.169    0.473     1.36    1.48    1.83    1.66    3.07    3.17   -0.15
NGC 2808       11.6   25.7   6.9    0.731    0.889     1.27    1.40    1.28    1.20    2.80    3.17   -0.48
NGC 5272       12.1   55.2  10.1    0.042    0.127     1.21    1.70    2.55    2.38    3.10    3.17   -0.58
NGC 288        12.2   27.9   3.3    0.115    0.086     1.20    1.74    2.03    1.85    2.33    3.17   -0.64
NGC 6934       12.8   16.4   3.5    0.600    0.407     1.14    1.56    1.33    1.24    2.06    3.17   -0.31
NGC 2298       15.1    9.4   2.9    0.990    0.378     0.97    1.63    1.21    1.15    1.49    3.17   -0.59
NGC 1851       16.7   74.4  23.5    0.008    0.055     0.88    2.01    3.01    2.95    3.17    3.17   -0.11
NGC 1261       18.3   35.4   7.3    0.067    0.112     0.80    1.98    2.32    2.13    2.96    3.17     nan
NGC 6715       18.5   86.5  15.0    0.033    0.198     0.79    1.86    2.65    2.50    3.16    3.17     nan
NGC 5024       19.0   55.1   5.5    0.056    0.138     0.77    1.96    2.42    2.23    3.04    3.17   -0.44
NGC 5634       21.8   41.0   5.3    0.052    0.122     0.67    2.08    2.45    2.27    3.01    3.17   -0.14

======================================================================================================================
THE DISCRIMINATOR: spread of the predicted outer boost with R_GC
======================================================================================================================
  MOND + EFE                            B range  1.05- 2.08  median  1.29   d B / d log R_GC =  +0.64
  density law, measured knee 0.161      B range  1.00- 3.01  median  1.17   d B / d log R_GC =  +0.96
  density law, Oort knee 0.113          B range  1.00- 2.95  median  1.12   d B / d log R_GC =  +0.83
  density law, A V^2 (V = sigma_0)      B range  1.01- 3.17  median  1.93   d B / d log R_GC =  +1.46
  density law, A V^2 (V = 220)          B range  3.02- 3.17  median  3.17   d B / d log R_GC =  +0.04

  Density-law slopes are nonzero only because rho_out differs between clusters,
  not because of any environmental coupling: the law has no g_ext.

======================================================================================================================
MEASURED OUTER LOG-SLOPE d log sigma / d log r  (outer factor 3 in radius)
======================================================================================================================
  N = 65 clusters with >=4 outer bins
  median slope        = -0.376
  inverse-var mean    = -0.368 +- 0.024
  Keplerian (point mass, sigma ~ r^-1/2) would be -0.500
  flat (MOND-like / boosted floor) would be  0.000
  fraction with slope > -0.25 : 0.22
  fraction with slope < -0.40 : 0.42
