N = 42 clusters.  Newtonian -0.057   MOND+EFE -0.093   (published: -0.057, -0.093)

    rho_c     pub L2    L2 here    L3 C->0         L3  #g<0  min g/gs  nan  change
    0.002     -0.066     -0.066     -0.066     -0.098     0      0.09    0  ok->marg  *
 0.003163     -0.071     -0.071     -0.071     -0.112     0      0.12    0  ok->marg  *
 0.005003     -0.078     -0.078     -0.078     -0.128     0      0.15    0  ok->marg  *
 0.007912     -0.087     -0.087     -0.087     -0.146     0      0.18    0  ok->marg  *
  0.01251     -0.098     -0.098     -0.098     -0.164     1     -0.04    0  marg->marg
  0.01979     -0.113     -0.113     -0.113     -0.180     1     -0.08    0  marg->marg
   0.0313     -0.131     -0.131     -0.131     -0.193     1     -0.04    0  marg->EXCL  *
   0.0495     -0.151     -0.151     -0.151     -0.202     1     -0.01    0  marg->EXCL  *
  0.07828     -0.174     -0.174     -0.174     -0.206     0      0.02    0  marg->EXCL  *
   0.1238     -0.197     -0.197     -0.197     -0.204     0      0.05    0  EXCL->EXCL
   0.1958     -0.221     -0.221     -0.221     -0.193     0      0.08    0  EXCL->EXCL
   0.3097     -0.242     -0.242     -0.242     -0.176     0      0.05    0  EXCL->marg  *
   0.4898     -0.259     -0.259     -0.259     -0.155     0      0.08    0  EXCL->marg  *
   0.7746     -0.272     -0.272     -0.272     -0.137     0      0.11    0  EXCL->marg  *
    1.225     -0.278     -0.278     -0.278     -0.125     0      0.14    0  EXCL->marg  *
    1.937     -0.278     -0.278     -0.278     -0.123     0      0.17    0  EXCL->marg  *
    3.064     -0.272     -0.272     -0.272     -0.133     0      0.20    0  EXCL->marg  *
    4.846     -0.260     -0.260     -0.260     -0.150     0      0.23    0  EXCL->marg  *
    7.664     -0.245     -0.245     -0.245     -0.167     0      0.26    0  EXCL->marg  *
    12.12     -0.227     -0.227     -0.227     -0.176     0      0.29    0  EXCL->marg  *
    19.17     -0.208     -0.208     -0.208     -0.174     0      0.32    0  EXCL->marg  *
    30.32     -0.189     -0.189     -0.189     -0.165     0      0.35    0  EXCL->marg  *
    47.95     -0.170     -0.170     -0.170     -0.152     0      0.38    0  marg->marg
    75.84     -0.152     -0.152     -0.152     -0.137     0      0.41    0  marg->marg
    119.9     -0.135     -0.135     -0.135     -0.126     0      0.44    0  marg->marg
    189.7     -0.120     -0.120     -0.120     -0.119     0      0.47    0  marg->marg
      300     -0.106     -0.106     -0.106     -0.116     0      0.50    0  marg->marg

verdict changes on the gamma = 0.489 row: 18 / 27   (P4 predicted >= 1)
[3s]
