struct          <C>   lmax   fied     d |  C(0)  C(1)   p_mid [95% CI]          hill_ph  hill_k
U0.2          0.200  1.000  1.200  1.00 | 0.208 0.841  0.0633 [0.0579,0.0694]  0.0311  0.363
U0.4          0.400  2.000  2.400  1.00 | 0.203 0.871  0.0491 [0.0450,0.0527]  0.0234  0.431
U0.6          0.600  3.000  3.600  1.00 | 0.200 0.889  0.0376 [0.0351,0.0403]  0.0197  0.470
U0.8          0.800  4.000  4.800  1.00 | 0.202 0.882  0.0305 [0.0280,0.0333]  0.0178  0.481
U1.0          1.000  5.000  6.000  1.00 | 0.202 0.873  0.0275 [0.0253,0.0300]  0.0175  0.483
block2_b0.1   0.460  2.300  0.600  1.00 | 0.201 0.824  0.0557 [0.0517,0.0598]  0.0341  0.379
block2_b0.3   0.580  2.900  1.800  1.00 | 0.206 0.868  0.0419 [0.0392,0.0449]  0.0223  0.437
block3_b0.1   0.280  1.400  0.600  1.00 | 0.205 0.807  0.0725 [0.0625,0.0806]  0.0418  0.334
ring          0.400  2.000  1.000  0.40 | 0.203 0.828  0.0831 [0.0770,0.0899]  0.0577  0.435
ring0.5       0.200  1.000  0.500  0.40 | 0.199 0.773  0.1010 [0.0905,0.1093]  0.0810  0.366
path          0.333  1.802  0.268  0.33 | 0.205 0.762  0.0870 [0.0777,0.0969]  0.0876  0.376
star          0.333  2.236  1.000  0.33 | 0.202 0.818  0.0796 [0.0743,0.0853]  0.0592  0.434
coreper       0.333  2.000  1.000  0.60 | 0.198 0.828  0.0601 [0.0546,0.0658]  0.0418  0.415
lognorm       0.406  2.115  1.406  1.00 | 0.203 0.857  0.0529 [0.0484,0.0579]  0.0271  0.417
er0.4         0.533  2.853  1.109  0.53 | 0.206 0.853  0.0584 [0.0536,0.0635]  0.0372  0.459

P1 control: original Hill p_half at U1.0 = 0.0175 (source 0.0185; window [0.013,0.025])
uniform affine: p_mid = 0.0215 + 0.0088/c ; intercept share at c=1 = 0.71

out-of-structure log10(pred/obs):
struct           obs     M1     M2     M3     M4     M5     M6     M7
block2_b0.1   0.0557  -0.09  -0.09  +0.57  -0.14  -0.14  +0.33  -0.14
block2_b0.3   0.0419  -0.07  -0.07  +0.22  -0.06  -0.06  +0.09  -0.06
block3_b0.1   0.0725  +0.01  +0.01  +0.45  -0.12  -0.12  +0.21  -0.12
ring          0.0831  -0.21  -0.21  +0.17  -0.28  -0.28  -0.03  -0.06
ring0.5       0.1010  +0.01  +0.01  +0.39  -0.17  -0.17  +0.13  -0.02
path          0.0870  -0.15  -0.18  +0.73  -0.25  -0.27  +0.44  +0.00
star          0.0796  -0.11  -0.24  +0.19  -0.21  -0.29  -0.01  +0.04
coreper       0.0601  +0.01  -0.07  +0.31  -0.09  -0.14  +0.12  +0.01
lognorm       0.0529  -0.02  -0.03  +0.22  -0.09  -0.10  +0.06  -0.09
er0.4         0.0584  -0.18  -0.21  +0.28  -0.19  -0.20  +0.09  -0.03
RMS dex: M1=0.111  M2=0.139  M3=0.394  M4=0.174  M5=0.192  M6=0.200  M7=0.072
params: M1=(0.02065,)  M2=(0.10326,)  M3=(0.12391,)  M4=(0.01915, 0.00987)  M5=(0.01915, 0.04937)  M6=(0.01915, 0.05925)  M7=(0.01915, 0.00987)
winner: M7
P3 ring/U0.4 = 1.69
