struct          <C>   lmax   fied     d |  C(0)  C(1)   p_mid [95% CI]          hill_ph  hill_k
U0.2          0.200  1.000  1.200  1.00 | 0.201 0.511  0.2649 [0.2463,0.2862]  1.0000  0.353
U0.4          0.400  2.000  2.400  1.00 | 0.198 0.562  0.1695 [0.1479,0.1917]  0.6917  0.331
U0.6          0.600  3.000  3.600  1.00 | 0.198 0.560  0.1098 [0.0923,0.1357]  0.5189  0.321
U0.8          0.800  4.000  4.800  1.00 | 0.200 0.570  0.0844 [0.0669,0.1063]  0.3743  0.316
U1.0          1.000  5.000  6.000  1.00 | 0.194 0.555  0.0599 [0.0488,0.0770]  0.3057  0.322
block2_b0.1   0.460  2.300  0.600  1.00 | 0.198 0.502  0.1283 [0.0991,0.1591]  1.0000  0.278
block2_b0.3   0.580  2.900  1.800  1.00 | 0.193 0.532  0.1223 [0.1017,0.1435]  0.6608  0.309
block3_b0.1   0.280  1.400  0.600  1.00 | 0.197 0.472  0.2308 [0.1943,0.2712]  1.0000  0.329
ring          0.400  2.000  1.000  0.40 | 0.201 0.520  0.1889 [0.1527,0.2246]  1.0000  0.292
ring0.5       0.200  1.000  0.500  0.40 | 0.191 0.444  0.3521 [0.2903,0.4134]  1.0000  0.396
path          0.333  1.802  0.268  0.33 | 0.203 0.466  0.1984 [0.1591,0.2513]  1.0000  0.307
star          0.333  2.236  1.000  0.33 | 0.205 0.558  0.2368 [0.1966,0.2773]  1.0000  0.300
coreper       0.333  2.000  1.000  0.60 | 0.192 0.517  0.2451 [0.2183,0.2735]  1.0000  0.338
lognorm       0.406  2.115  1.406  1.00 | 0.198 0.530  0.1658 [0.1431,0.2027]  1.0000  0.299
er0.4         0.533  2.853  1.109  0.53 | 0.211 0.578  0.1190 [0.0987,0.1445]  0.3946  0.312

P1 control: original Hill p_half at U1.0 = 0.3057 (source 0.0185; window [0.013,0.025])
uniform affine: p_mid = 0.0238 + 0.0499/c ; intercept share at c=1 = 0.32

out-of-structure log10(pred/obs):
struct           obs     M1     M2     M3     M4     M5     M6     M7
block2_b0.1   0.1283  +0.03  +0.03  +0.69  +0.02  +0.02  +0.66  +0.02
block2_b0.3   0.1223  -0.05  -0.05  +0.23  -0.06  -0.06  +0.21  -0.06
block3_b0.1   0.2308  -0.01  -0.01  +0.43  -0.03  -0.03  +0.40  -0.03
ring          0.1889  -0.08  -0.08  +0.30  -0.09  -0.09  +0.27  -0.06
ring0.5       0.3521  -0.05  -0.05  +0.33  -0.07  -0.07  +0.30  -0.06
path          0.1984  -0.02  -0.06  +0.85  -0.04  -0.07  +0.82  -0.00
star          0.2368  -0.10  -0.23  +0.20  -0.12  -0.24  +0.18  -0.08
coreper       0.2451  -0.12  -0.20  +0.18  -0.13  -0.21  +0.16  -0.12
lognorm       0.1658  -0.03  -0.05  +0.21  -0.04  -0.06  +0.19  -0.04
er0.4         0.1190  -0.01  -0.04  +0.45  -0.01  -0.04  +0.43  +0.02
RMS dex: M1=0.062  M2=0.105  M3=0.442  M4=0.073  M5=0.113  M6=0.419  M7=0.058
params: M1=(0.06254,)  M2=(0.31269,)  M3=(0.37523,)  M4=(0.00807, 0.05774)  M5=(0.00807, 0.2887)  M6=(0.00807, 0.34644)  M7=(0.00807, 0.05774)
winner: M7
P3 ring/U0.4 = 1.11
M7 / best-mean RMS = 0.93
C at p=0.02 across uniform c: [0.207, 0.203, 0.21, 0.224, 0.241] spread 0.038
